

** Using MPI ** 
Communicator size = 2


N = 16

D     	0  	1  	2  	3  	4  	5  	6  	7  	8  	9  	10  	11  	12  	13  	14  	15  

#0 | 	 0  	 1000  	 5  	 1000  	 1000  	 3  	 1000  	 4  	 4  	 5  	 8  	 1000  	 0  	 9  	 1000  	 3  
#1 | 	 1000  	 0  	 1000  	 1000  	 9  	 1000  	 1000  	 1000  	 1000  	 1000  	 0  	 1000  	 9  	 4  	 1000  	 1000  
#2 | 	 7  	 2  	 0  	 1000  	 1  	 1000  	 1000  	 6  	 2  	 1000  	 0  	 3  	 8  	 7  	 1000  	 3  
#3 | 	 8  	 1000  	 1000  	 0  	 1000  	 1000  	 0  	 1000  	 3  	 0  	 8  	 2  	 1000  	 1000  	 1000  	 1000  
#4 | 	 1  	 9  	 8  	 2  	 0  	 1000  	 1000  	 9  	 1000  	 8  	 8  	 1000  	 1000  	 9  	 0  	 1000  
#5 | 	 7  	 4  	 1000  	 1000  	 1  	 0  	 1000  	 4  	 6  	 1000  	 9  	 4  	 1000  	 2  	 1000  	 1000  
#6 | 	 2  	 1000  	 4  	 1000  	 1000  	 4  	 0  	 1000  	 7  	 4  	 1000  	 1000  	 1000  	 1  	 2  	 0  
#7 | 	 1000  	 1000  	 1000  	 1000  	 1000  	 6  	 1000  	 0  	 3  	 8  	 2  	 1000  	 9  	 0  	 1000  	 1000  
#8 | 	 5  	 8  	 1000  	 1000  	 1000  	 1000  	 0  	 1000  	 0  	 1000  	 1000  	 1000  	 1000  	 9  	 1000  	 1000  
#9 | 	 7  	 4  	 4  	 1000  	 1000  	 4  	 5  	 7  	 1000  	 0  	 2  	 8  	 1000  	 4  	 3  	 8  
#10 | 	 1000  	 1000  	 8  	 4  	 3  	 1000  	 1000  	 5  	 1000  	 1000  	 0  	 1000  	 7  	 1000  	 1000  	 1000  
#11 | 	 5  	 9  	 2  	 1000  	 2  	 4  	 1  	 4  	 1000  	 1000  	 1  	 0  	 3  	 0  	 1000  	 8  
#12 | 	 1000  	 1000  	 1000  	 1  	 1000  	 1  	 8  	 7  	 2  	 4  	 8  	 6  	 0  	 7  	 0  	 3  
#13 | 	 1000  	 5  	 8  	 2  	 0  	 1000  	 8  	 1000  	 1000  	 2  	 1000  	 1000  	 1000  	 0  	 1  	 1  
#14 | 	 1000  	 7  	 1000  	 1000  	 1000  	 1000  	 7  	 9  	 1000  	 1000  	 1000  	 1000  	 1000  	 1000  	 1000  	 1000  
#15 | 	 3  	 7  	 1000  	 5  	 2  	 7  	 6  	 0  	 1000  	 1000  	 4  	 1000  	 0  	 1000  	 9  	 0  


N = 16

A     	0  	1  	2  	3  	4  	5  	6  	7  	8  	9  	10  	11  	12  	13  	14  	15  

#0 | 	 0  	 1000  	 5  	 1000  	 1000  	 3  	 1000  	 4  	 4  	 5  	 8  	 1000  	 0  	 9  	 1000  	 3  
#1 | 	 1000  	 0  	 1000  	 1000  	 9  	 1000  	 1000  	 1000  	 1000  	 1000  	 0  	 1000  	 9  	 4  	 1000  	 1000  
#2 | 	 7  	 2  	 0  	 1000  	 1  	 1000  	 1000  	 6  	 2  	 1000  	 0  	 3  	 8  	 7  	 1000  	 3  
#3 | 	 8  	 1000  	 1000  	 0  	 1000  	 1000  	 0  	 1000  	 3  	 0  	 8  	 2  	 1000  	 1000  	 1000  	 1000  
#4 | 	 1  	 9  	 8  	 2  	 0  	 1000  	 1000  	 9  	 1000  	 8  	 8  	 1000  	 1000  	 9  	 0  	 1000  
#5 | 	 7  	 4  	 1000  	 1000  	 1  	 0  	 1000  	 4  	 6  	 1000  	 9  	 4  	 1000  	 2  	 1000  	 1000  
#6 | 	 2  	 1000  	 4  	 1000  	 1000  	 4  	 0  	 1000  	 7  	 4  	 1000  	 1000  	 1000  	 1  	 2  	 0  
#7 | 	 1000  	 1000  	 1000  	 1000  	 1000  	 6  	 1000  	 0  	 3  	 8  	 2  	 1000  	 9  	 0  	 1000  	 1000  


B     	0  	1  	2  	3  	4  	5  	6  	7  	8  	9  	10  	11  	12  	13  	14  	15  

#0 | 	 5  	 8  	 1000  	 1000  	 1000  	 1000  	 0  	 1000  	 0  	 1000  	 1000  	 1000  	 1000  	 9  	 1000  	 1000  
#1 | 	 7  	 4  	 4  	 1000  	 1000  	 4  	 5  	 7  	 1000  	 0  	 2  	 8  	 1000  	 4  	 3  	 8  
#2 | 	 1000  	 1000  	 8  	 4  	 3  	 1000  	 1000  	 5  	 1000  	 1000  	 0  	 1000  	 7  	 1000  	 1000  	 1000  
#3 | 	 5  	 9  	 2  	 1000  	 2  	 4  	 1  	 4  	 1000  	 1000  	 1  	 0  	 3  	 0  	 1000  	 8  
#4 | 	 1000  	 1000  	 1000  	 1  	 1000  	 1  	 8  	 7  	 2  	 4  	 8  	 6  	 0  	 7  	 0  	 3  
#5 | 	 1000  	 5  	 8  	 2  	 0  	 1000  	 8  	 1000  	 1000  	 2  	 1000  	 1000  	 1000  	 0  	 1  	 1  
#6 | 	 1000  	 7  	 1000  	 1000  	 1000  	 1000  	 7  	 9  	 1000  	 1000  	 1000  	 1000  	 1000  	 1000  	 1000  	 1000  
#7 | 	 3  	 7  	 1000  	 5  	 2  	 7  	 6  	 0  	 1000  	 1000  	 4  	 1000  	 0  	 1000  	 9  	 0  



media: 0.001769
